      1          6           0        -3.682920   -0.025223   -0.003637
      2          1           0        -3.827548   -0.667181    0.869346
      3          1           0        -3.826940   -0.640704   -0.895502
      4          1           0        -4.464715    0.736434    0.007539
      5          6           0        -2.290030    0.598889    0.006172
      6          1           0        -2.172278    1.255547   -0.862410
      7          1           0        -2.174543    1.234189    0.890757
      8          6           0        -1.179386   -0.449188   -0.004604
      9          1           0        -1.294903   -1.087775   -0.889248
     10          1           0        -1.295942   -1.106515    0.866074
     11          6           0         0.217256    0.165917    0.002960
     12          1           0         0.337931    0.809827    0.879516
     13          1           0         0.344217    0.817599   -0.866828
     14          6           0         1.316887   -0.886143    0.002745
     15          1           0         1.238534   -1.548728    0.874919
     16          1           0         1.237449   -1.550083   -0.868388
     17          6           0         2.710004   -0.314602    0.001060
     18          8           0         2.961054    0.859849   -0.004184
     19          1           0         3.531966   -1.059662    0.004701